57.1191864077192	0.81	79.74
56.3467874862247	0.97	91.3
34.4559319556497	0.7	41.87
22.0315170514461	0.71	26.11
34.1426675035687	0.92	40.58
37.0604807473814	0.92	42.48
7.60205999132796	0.8	26.29
8.3767507096021	0.82	28.72
3.53760200210104	0.65	11.1
7.01322826573375	0.81	17.92
6.30980391997149	0.71	16.27
21.3467874862247	0.83	56.17
24.6777807052661	0.88	71.49
7.05551732784983	0.72	26.03
13.8538719643218	0.8	50.37
17.0915149811213	0.71	46.09
10.7212463990472	0.85	43.97
15.2146701649892	0.82	44.18
18.2757241303992	0.89	47.05
16.1191864077192	0.8	52.64
14.5850266520292	0.58	23.37
12.9208187539524	0.83	19.9
15.0809219076239	0.93	28.68
16.8239087409443	0.73	24.85
13.8538719643218	0.9	28.79
3.85387196432176	0.63	20.87
5.0	0.43	12.89
11.7447274948967	0.92	28.56
13.5086383061657	0.72	24.55
13.2218487496164	0.74	25.27
13.4559319556497	0.72	24.39
13.8239087409443	0.75	25.56
7.74472749489669	0.53	18.17
9.63827216398241	0.72	24.62
6.20065945054642	0.5	21.35
8.56863623584101	0.48	36.78
26.0043648054024	0.79	80.96
24.8239087409443	0.92	84.39
8.25963731050576	0.62	11.23
5.58502665202918	0.5	8.48
7.0087739243075	0.58	10.43
7.33724216831843	0.68	17.66
8.10237290870956	0.84	17.56
6.04095860767891	0.78	18.67
12.7958800173441	0.8	39.14
7.33724216831843	0.68	19.68
9.36653154442041	0.71	21.91
11.9586073148418	0.71	24.28
11.0268721464003	0.71	24.23
7.79588001734407	0.87	19.1
4.38721614328026	0.68	39.39
11.8860566476932	0.73	77.86
26.5528419686578	0.9	66.6
25.4436974992327	0.84	70.33
5.85387196432176	0.62	14.89
7.20760831050175	0.62	21.18
4.67778070526608	0.68	17.68
8.11350927482752	0.76	21.31
5.60205999132796	0.67	18.81
10.8239087409443	0.67	24.74
8.31875876262441	0.8	25.7
6.0	0.51	17.44
13.1135092748275	0.68	44.91
5.58502665202918	0.6	26.9
1.69897000433602	0.55	16.53
12.7212463990472	0.83	26.46
9.30980391997149	0.78	24.26
13.7695510786217	0.7	30.99
9.55284196865778	0.89	30.31
22.4814860601221	0.84	61.62
25.1938200260161	0.88	68.13
8.45593195564972	0.64	26.7
8.0268721464003	0.58	22.07
14.1870866433571	0.67	26.99
11.6777807052661	0.68	27.26
7.31875876262441	0.79	28.55
10.3098039199715	0.82	29.46
11.4948500216801	0.62	25.95
8.82390874094432	0.77	27.72
6.85387196432176	0.76	25.91
5.72124639904717	0.55	21.46
12.1191864077192	0.76	29.5
8.21467016498923	0.81	25.93
12.6382721639824	0.66	27.11
12.0087739243075	0.73	28.56
6.33724216831843	0.72	13.76
1.16115090926274	0.19	3.3
13.1611509092627	0.88	28.12
14.4685210829577	0.74	25.04
15.2518119729938	0.73	24.73
14.7212463990472	0.86	27.51
11.0	0.86	26.65
2.65757731917779	0.61	17.06
20.6777807052661	0.74	28.75
19.5228787452803	0.73	28.54
15.8538719643218	0.73	28.33
13.5086383061657	0.68	26.58
23.1426675035687	0.74	28.68
17.8860566476932	0.86	30.97
2.49485002168009	0.53	8.44
3.0268721464003	0.42	11.0
7.63827216398241	0.69	13.2
7.36653154442041	0.64	14.79
9.88605664769316	0.7	23.73
16.602059991328	0.71	24.22
13.0	0.71	23.99
13.2076083105017	0.71	24.13
15.1191864077192	0.72	24.35
12.8860566476932	0.71	24.2
12.8538719643218	0.71	24.17
13.4948500216801	0.71	24.05
14.3279021420643	0.71	24.2
13.2839966563652	0.71	24.15
9.52287874528034	0.92	21.22
16.1249387366083	0.78	50.79
18.6777807052661	0.9	52.48
1.92081875395238	0.41	6.08
15.0222763947112	0.77	29.31
11.0457574905607	0.56	20.61
19.6197887582884	0.82	44.3
21.3187587626244	0.56	54.3
11.3565473235138	0.75	44.23
11.3565473235138	0.8	52.04
13.9586073148418	0.64	15.31
14.2596373105058	0.64	15.93
15.1366771398795	0.67	15.99
16.0555173278498	0.68	24.65
19.4814860601221	0.7	25.37
55.7447274948967	0.73	47.61
14.3187587626244	0.81	18.72
61.397940008672	0.74	65.24
35.4685210829577	0.97	60.99
5.31875876262441	0.46	13.28
31.1549019599857	0.74	63.96
17.2291479883579	0.85	46.92
18.9586073148418	0.88	51.84
12.7212463990472	0.72	28.99
12.4089353929735	0.88	30.86
18.7695510786217	0.73	110.77
11.130768280269	0.84	111.2
18.8239087409443	0.7	28.9
14.7695510786217	0.66	25.78
15.6382721639824	0.9	29.76
6.36653154442041	0.79	32.39
7.11918640771921	0.79	35.37
7.06550154875643	0.84	29.52
6.52287874528034	0.85	33.15
2.88605664769316	0.63	17.61
9.42021640338319	0.66	23.58
20.6575773191778	0.74	32.68
19.4202164033832	0.74	32.54
16.8860566476932	0.74	32.45
16.2596373105058	0.76	32.53
17.4089353929735	0.72	31.57
5.63827216398241	0.69	17.89
3.92081875395238	0.74	14.85
22.6197887582884	0.78	118.27
29.9208187539524	0.76	153.09
9.03151705144606	0.54	25.74
18.0409586076789	0.69	39.88
14.7695510786217	0.66	38.45
9.18045606445813	0.55	25.18
10.0969100130081	0.55	21.52
18.9586073148418	0.73	35.03
16.568636235841	0.67	31.6
15.3767507096021	0.54	25.18
2.69897000433602	0.26	4.11
1.82390874094432	0.18	3.26
9.50863830616573	0.81	13.82
7.95860731484177	0.79	12.68
18.6575773191778	0.8	66.4
8.05551732784983	0.8	13.62
9.53760200210104	0.81	12.93
10.3098039199715	0.69	52.46
8.25963731050576	0.61	11.05
6.08618614761628	0.75	12.05
10.6777807052661	0.81	21.03
19.2076083105017	0.84	35.95
16.5850266520292	0.65	28.66
20.1739251972992	0.74	34.64
3.95860731484178	0.56	19.01
5.72124639904717	0.68	19.07
10.267606240177	0.77	18.45
5.85387196432176	0.69	15.1
8.19382002601611	0.87	17.42
14.4559319556497	0.71	17.68
17.4089353929735	0.71	19.88
15.3187587626244	0.93	23.15
7.63827216398241	0.42	34.06
5.13667713987954	0.58	43.21
5.26760624017703	0.58	13.44
7.48148606012211	0.54	18.29
2.92081875395238	0.39	9.06
11.4948500216801	0.58	24.3
8.44369749923271	0.76	24.3
9.26760624017703	0.67	21.47
4.36653154442041	0.47	19.08
3.95860731484178	0.65	20.66
10.3767507096021	0.86	27.45
6.88605664769316	0.47	31.12
11.8860566476932	0.54	53.78
13.0	0.77	51.88
13.537602002101	0.81	69.52
10.8860566476932	0.68	20.52
13.7958800173441	0.71	24.21
11.698970004336	0.71	24.07
7.82390874094432	0.53	16.33
11.7447274948967	0.7	23.06
15.0809219076239	0.92	30.46
12.431798275933	0.73	24.87
3.72124639904717	0.61	16.43
106.431798275933	0.91	284.23
102.327902142064	0.89	320.74
21.4559319556497	0.64	78.99
3.69897000433602	0.56	17.98
7.65757731917779	0.52	26.99
16.3872161432803	0.68	59.08
7.02227639471115	0.72	28.76
19.0	0.62	69.84
16.1611509092627	0.8	59.82
42.2757241303992	0.81	90.3
32.8860566476932	0.89	70.92
4.19382002601611	0.61	28.52
14.7958800173441	0.77	76.68
30.9586073148418	0.89	76.33
31.568636235841	0.84	81.01
94.5086383061657	0.83	202.97
89.0969100130081	0.95	216.8
4.79588001734407	0.71	11.3
5.76955107862173	0.78	11.74
22.8538719643218	0.77	69.55
25.6197887582884	0.83	75.21
31.397940008672	0.71	81.43
22.7447274948967	0.85	78.06
11.1487416512809	0.58	49.53
22.698970004336	0.86	85.63
10.2924298239021	0.84	36.83
1.74472749489669	0.34	7.86
5.44369749923271	0.6	19.82
20.301029995664	0.64	29.53
15.7958800173441	0.65	26.83
15.1135092748275	0.9	22.53
5.27572413039921	0.59	22.53
4.55284196865778	0.77	25.35
12.2596373105058	0.79	20.45
14.2924298239021	0.83	21.52
12.2441251443275	0.67	19.42
3.31875876262441	0.46	12.5
12.7695510786217	0.67	19.5
11.3279021420643	0.85	23.03
8.52287874528034	0.68	18.29
11.8860566476932	0.83	22.36
12.6382721639824	0.69	19.96
13.0132282657338	0.69	19.27
12.6575773191778	0.69	17.84
6.1249387366083	0.64	17.38
7.92081875395237	0.63	24.11
12.8860566476932	0.62	33.6
4.45593195564972	0.4	16.9
13.8860566476932	0.81	24.29
11.0809219076239	0.6	32.35
24.5228787452803	0.9	50.39
26.602059991328	0.84	52.75
8.76955107862173	0.72	61.48
14.1938200260161	0.87	83.64
29.1938200260161	0.96	68.94
30.2365720064371	0.9	74.14
4.92081875395237	0.63	15.2
5.49485002168009	0.55	23.03
5.53760200210104	0.7	18.29
10.9586073148418	0.79	72.75
16.6382721639824	0.64	168.83
5.25963731050576	0.43	17.03
11.1611509092627	0.65	28.61
9.60205999132796	0.63	27.0
6.92081875395237	0.78	43.16
7.17392519729917	0.7	51.85
14.7212463990472	0.71	20.01
13.2076083105017	0.69	22.85
13.3565473235138	0.92	27.56
6.13667713987954	0.65	26.11
5.65757731917779	0.71	30.44
5.24412514432751	0.54	25.85
10.6777807052661	0.7	42.61
3.10790539730952	0.55	23.04
8.67778070526608	0.56	15.75
13.7212463990472	0.66	20.44
11.2006594505464	0.58	19.89
9.76955107862173	0.53	22.62
8.1249387366083	0.5	21.64
10.301029995664	0.66	22.6
70.0861861476163	0.84	124.79
84.8239087409443	0.79	127.65
2.74472749489669	0.46	43.54
14.1938200260161	0.65	96.25
6.17392519729917	0.55	68.94
17.6777807052661	0.69	27.06
20.0	0.67	27.5
11.431798275933	0.52	20.3
15.9586073148418	0.69	26.4
19.568636235841	0.68	28.51
15.0	0.61	22.09
16.7695510786217	0.58	23.6
8.88605664769316	0.63	78.14
14.431798275933	0.71	131.54
4.61978875828839	0.72	21.57
5.35654732351381	0.75	15.85
6.67778070526608	0.73	29.05
12.1135092748275	0.71	36.88
4.0268721464003	0.65	17.45
16.5086383061657	0.77	26.86
16.1487416512809	0.77	32.3
5.2839966563652	0.69	17.25
6.0	0.7	17.5
2.82390874094432	0.48	9.66
2.79588001734407	0.41	12.99
6.95860731484177	0.65	11.74
7.74472749489669	0.67	11.46
5.11918640771921	0.6	9.58
7.85387196432176	0.67	11.45
7.39794000867204	0.59	11.83
3.14874165128092	0.43	16.6
6.42021640338319	0.5	35.1
4.53760200210104	0.58	27.75
2.05551732784983	0.46	16.2
6.0	0.62	18.56
2.30980391997149	0.3	9.96
5.72124639904717	0.51	23.77
4.72124639904717	0.43	6.5
8.69897000433602	0.77	44.84
8.18045606445813	0.92	26.55
8.95860731484177	0.77	19.36
38.2839966563652	0.82	81.53
32.7958800173441	0.93	83.11
28.2291479883579	0.86	68.7
9.46852108295774	0.66	52.98
7.95860731484177	0.74	46.66
7.74472749489669	0.77	19.29
20.602059991328	0.69	66.11
5.46852108295774	0.73	28.56
10.4685210829577	0.83	66.47
1.17392519729917	0.34	10.39
10.6575773191778	0.64	13.48
4.92081875395237	0.44	10.6
13.2218487496164	0.67	16.12
11.1366771398795	0.66	15.9
11.4559319556497	0.67	16.05
11.8538719643218	0.66	15.76
11.3665315444204	0.66	15.76
6.76955107862173	0.56	13.49
8.67778070526608	0.6	14.5
10.5228787452803	0.66	15.83
11.2291479883579	0.67	16.06
11.130768280269	0.67	16.2
8.0	0.78	13.21
9.95860731484177	0.69	46.41
14.3098039199715	0.73	64.37
16.2218487496164	0.83	29.2
22.7447274948967	0.85	41.66
19.0506099933551	0.85	40.16
22.397940008672	0.86	40.49
20.9586073148418	0.73	30.76
21.6575773191778	0.9	34.3
21.8239087409443	0.7	37.14
10.2291479883579	0.84	15.12
1.00436480540245	0.25	5.03
7.79588001734407	0.62	15.48
23.6197887582884	0.7	30.62
12.8239087409443	0.75	24.72
18.4089353929735	0.72	80.83
12.6575773191778	0.88	56.94
12.4685210829577	0.67	52.45
7.43179827593301	0.69	29.12
9.30102999566398	0.78	23.26
14.5086383061657	0.89	49.63
22.2518119729938	0.64	40.33
16.6197887582884	0.6	37.38
14.8860566476932	0.56	33.73
18.0222763947112	0.79	44.9
153.259637310506	0.75	290.9
158.356547323514	0.75	338.2
28.7695510786217	0.89	78.94
25.2146701649892	0.7	71.19
25.7958800173441	0.85	71.12
13.1804560644581	0.74	54.66
8.92081875395237	0.9	31.67
12.8538719643218	0.82	56.91
11.6382721639824	0.89	45.56
17.9208187539524	0.72	37.96
13.4685210829577	0.67	34.87
16.8239087409443	0.83	35.56
21.9586073148418	0.72	51.84
25.4814860601221	0.61	58.44
24.8239087409443	0.77	54.92
4.25963731050576	0.58	16.22
14.6382721639824	0.58	26.26
8.31875876262441	0.68	19.65
2.0	0.49	17.18
2.82390874094432	0.55	13.67
145.677780705266	0.95	348.6
136.148741651281	0.94	420.51
26.5086383061657	0.69	90.0
24.4559319556497	0.83	103.45
18.0409586076789	0.82	32.01
15.9208187539524	0.88	32.67
12.4948500216801	0.71	29.84
13.9586073148418	0.83	29.07
16.3372421683184	0.84	34.24
15.9586073148418	0.83	28.38
9.69897000433602	0.63	17.72
4.55284196865778	0.59	9.45
1.72124639904717	0.15	2.57
10.4559319556497	0.64	36.64
11.7958800173441	0.79	33.31
8.58502665202918	0.81	29.81
3.2839966563652	0.5	18.15
14.6575773191778	0.8	54.67
6.72124639904717	0.63	33.96
8.4089353929735	0.53	32.59
6.79588001734407	0.51	31.65
5.23657200643706	0.64	36.49
17.8239087409443	0.85	62.87
9.95860731484177	0.64	39.55
50.9586073148418	0.85	180.72
68.568636235841	0.84	217.91
27.8239087409443	0.75	42.01
31.1870866433571	0.95	51.49
3.55284196865778	0.42	7.21
3.55284196865778	0.43	7.27
3.49485002168009	0.44	15.83
11.7447274948967	0.63	39.86
10.0	0.77	47.43
63.6575773191778	0.64	169.04
13.4089353929735	0.69	57.48
23.4948500216801	0.7	74.21
52.0861861476163	0.8	191.29
20.0969100130081	0.8	68.68
6.15490195998574	0.6	16.23
12.3467874862247	0.63	29.19
12.267606240177	0.63	28.31
9.63827216398241	0.77	31.75
13.6197887582884	0.68	27.32
14.7695510786217	0.67	26.0
15.1135092748275	0.66	30.15
79.4089353929735	0.98	119.13
79.3279021420643	0.98	120.1
14.8860566476932	0.72	62.23
16.2218487496164	0.76	60.64
16.0655015487564	0.71	22.58
13.5528419686578	0.68	21.86
14.4559319556497	0.7	22.52
9.48148606012211	0.58	12.8
11.0087739243075	0.64	14.04
7.04575749056067	0.58	12.66
4.17392519729917	0.46	10.02
9.60205999132796	0.63	13.8
10.2365720064371	0.64	13.99
10.7447274948967	0.64	14.08
13.0861861476163	0.9	41.18
10.3279021420643	0.82	35.42
16.9586073148418	0.91	43.86
24.0969100130081	0.73	67.58
25.2596373105058	0.88	61.71
8.92081875395237	0.63	11.36
11.0177287669604	0.65	12.95
8.56863623584101	0.64	12.82
9.88605664769316	0.64	12.82
11.8860566476932	0.65	12.33
11.3665315444204	0.64	12.88
9.31875876262441	0.65	12.27
7.63827216398241	0.61	12.19
6.79588001734407	0.61	11.64
7.34678748622466	0.61	12.27
8.79588001734407	0.63	12.63
7.82390874094432	0.63	12.66
10.7695510786217	0.64	12.86
11.568636235841	0.64	12.86
9.07572071393812	0.64	12.79
6.30980391997149	0.54	10.24
3.79588001734407	0.55	18.59
10.7695510786217	0.67	28.27
10.4685210829577	0.64	26.91
10.5228787452803	0.67	28.19
7.79588001734407	0.76	26.72
29.6197887582884	0.79	140.93
40.1611509092627	0.78	251.01
5.72124639904717	0.67	18.73
4.11350927482752	0.51	19.79
4.30980391997149	0.56	16.85
3.23657200643706	0.45	13.04
22.3098039199715	0.91	93.82
20.6777807052661	0.88	88.8
14.397940008672	0.92	92.83
7.60205999132796	0.73	24.11
7.14874165128092	0.74	22.95
9.08618614761628	0.6	27.15
9.27572413039921	0.85	22.04
34.8860566476932	0.81	100.06
37.6575773191778	0.84	90.24
32.3665315444204	0.74	64.01
29.6382721639824	0.93	75.4
7.65757731917779	0.8	36.85
12.7958800173441	0.9	53.11
2.08618614761628	0.41	17.88
3.31875876262441	0.57	13.65
6.03151705144607	0.63	30.77
4.92081875395237	0.56	20.04
4.53760200210104	0.6	20.9
8.79588001734407	0.67	17.38
19.9586073148418	0.88	39.8
20.4814860601221	0.75	33.56
18.301029995664	0.73	34.11
16.9208187539524	0.72	33.88
18.7695510786217	0.73	34.11
14.9208187539524	0.87	28.83
31.1938200260161	0.83	103.16
34.8239087409443	0.89	110.05
7.31875876262441	0.78	28.96
8.61978875828839	0.78	31.12
12.0	0.89	33.69
11.5228787452803	0.77	45.43
26.6197887582884	0.91	42.65
60.3098039199715	0.82	117.21
73.7958800173441	0.81	119.62
47.6777807052661	0.91	85.44
10.9208187539524	0.62	75.68
8.22184874961636	0.8	66.01
35.6777807052661	0.77	56.12
61.8239087409443	0.82	99.49
28.9586073148418	0.81	57.98
26.537602002101	0.81	78.98
33.5528419686578	0.86	89.55
1.2518119729938	0.39	6.68
7.31875876262441	0.66	12.6
7.16749108729376	0.64	12.25
6.36653154442041	0.71	12.13
6.11350927482752	0.62	11.69
4.11918640771921	0.4	15.98
17.1870866433571	0.69	21.33
8.95860731484177	0.63	27.27
5.2518119729938	0.68	22.35
13.602059991328	0.66	19.06
14.9208187539524	0.84	21.74
6.34678748622466	0.81	30.13
10.8860566476932	0.89	68.46
14.1870866433571	0.69	22.08
13.2441251443275	0.86	22.28
9.72124639904717	0.69	26.8
18.5086383061657	0.72	48.89
9.34678748622466	0.82	30.4
7.52287874528034	0.65	23.96
7.24412514432751	0.61	22.42
7.56863623584101	0.68	25.2
8.21467016498923	0.64	23.64
8.09691001300806	0.83	28.06
5.69897000433602	0.77	25.53
46.7447274948967	0.57	86.32
42.9208187539524	0.51	69.93
27.4559319556497	0.76	72.52
5.30980391997149	0.53	10.5
3.61978875828839	0.42	8.0
5.3767507096021	0.5	11.02
5.74472749489669	0.48	14.73
9.61978875828839	0.77	79.19
18.9208187539524	0.86	127.69
34.2596373105058	0.76	166.18
34.0268721464003	0.87	160.49
33.8538719643218	0.97	77.73
34.397940008672	0.93	80.56
38.4436974992327	0.74	96.21
35.3767507096021	0.93	98.13
11.2924298239021	0.76	31.1
11.6777807052661	0.89	34.61
13.7958800173441	0.64	26.33
11.5528419686578	0.79	28.28
12.9208187539524	0.84	46.94
14.7695510786217	0.88	51.28
3.88605664769316	0.35	9.51
9.92081875395237	0.61	25.64
5.18045606445813	0.55	21.93
6.52287874528034	0.57	24.02
3.76955107862173	0.45	13.5
2.46852108295775	0.26	6.56
2.95860731484178	0.33	8.68
8.72124639904717	0.78	32.09
6.35654732351381	0.5	20.83
6.09151498112135	0.53	17.64
1.50863830616573	0.23	7.9
2.53760200210104	0.36	9.84
4.46852108295774	0.58	20.95
32.1426675035687	0.82	81.48
30.8239087409443	0.77	93.04
7.60205999132796	0.73	13.19
8.2839966563652	0.75	12.75
9.76955107862173	0.78	12.43
7.61978875828839	0.81	12.14
17.7212463990472	0.76	35.86
12.8239087409443	0.83	31.4
8.52287874528034	0.87	37.31
11.1426675035687	0.84	37.11
8.72124639904717	0.71	30.0
14.2518119729938	0.75	33.96
8.58502665202918	0.88	34.22
10.2596373105058	0.8	35.38
3.88605664769316	0.63	21.34
8.1249387366083	0.57	32.99
6.09691001300806	0.63	22.12
2.58502665202918	0.38	16.54
2.92081875395238	0.49	15.57
6.65757731917779	0.62	24.76
3.50863830616573	0.66	24.59
4.07572071393812	0.61	23.78
5.19382002601611	0.58	23.13
0.0861861476162833	0.23	6.8
3.61978875828839	0.45	17.11
3.82390874094432	0.56	20.58
4.79588001734407	0.71	34.15
6.36653154442041	0.45	29.9
3.58502665202918	0.55	23.1
2.21467016498923	0.53	27.28
7.76955107862173	0.66	28.33
33.5850266520292	0.68	154.34
29.6197887582884	0.69	122.19
33.7447274948967	0.9	89.81
18.0	0.75	119.06
3.38721614328026	0.48	13.43
4.79588001734407	0.71	19.07
7.20760831050175	0.46	9.29
19.0705810742857	0.72	23.77
16.2596373105058	0.72	23.61
14.1870866433571	0.7	23.12
13.8239087409443	0.69	22.89
15.1804560644581	0.7	23.2
16.2441251443275	0.71	23.27
14.537602002101	0.7	23.13
16.0915149811213	0.71	23.27
13.9208187539524	0.7	23.16
18.7958800173441	0.71	23.59
17.6575773191778	0.71	23.29
3.33724216831843	0.56	9.01
7.27572413039921	0.82	21.43
9.26760624017703	0.84	25.06
23.2291479883579	0.74	77.43
1.79588001734408	0.41	11.12
21.3565473235138	0.81	74.6
10.2076083105017	0.63	42.8
4.14266750356873	0.61	21.48
21.6197887582884	0.94	58.53
27.3565473235138	0.92	62.58
8.65757731917779	0.57	112.12
3.76955107862173	0.43	69.66
12.7212463990472	0.57	133.15
6.92081875395237	0.56	85.76
7.04575749056067	0.6	10.86
9.09151498112135	0.8	13.64
7.58502665202918	0.77	13.03
7.44369749923271	0.74	12.58
7.63827216398241	0.63	10.65
5.06048074738138	0.45	8.14
10.3565473235138	0.52	19.9
9.48148606012211	0.82	13.89
8.53760200210104	0.85	14.42
14.2757241303992	0.82	27.98
16.3279021420643	0.77	31.48
7.26760624017703	0.61	19.98
14.397940008672	0.63	28.35
15.7958800173441	0.9	26.98
16.397940008672	0.83	29.81
10.5228787452803	0.65	22.73
5.82390874094432	0.72	17.37
9.04575749056067	0.54	24.09
12.2757241303992	0.61	45.31
2.95860731484178	0.52	16.06
14.2291479883579	0.66	22.34
23.8239087409443	0.73	24.24
14.4559319556497	0.61	19.99
18.0	0.87	26.94
20.6777807052661	0.92	30.4
20.5528419686578	0.73	24.93
14.9586073148418	0.81	38.68
14.2596373105058	0.8	39.05
11.0809219076239	0.75	36.87
18.3565473235138	0.62	44.81
15.7212463990472	0.83	40.0
27.6382721639824	0.85	86.7
32.8239087409443	0.9	92.39
9.46852108295774	0.74	29.04
15.130768280269	0.72	42.24
24.0604807473814	0.96	31.52
23.8860566476932	0.93	32.59
19.7958800173441	0.56	53.34
20.698970004336	0.81	46.73
30.6197887582884	0.91	58.91
42.0222763947111	0.7	74.54
5.06550154875643	0.4	10.29
4.88605664769316	0.34	13.1
4.31875876262441	0.39	9.06
15.9586073148418	0.79	78.28
17.6382721639824	0.83	87.57
12.0	0.79	104.61
16.1549019599857	0.83	131.64
16.1487416512809	0.85	36.34
18.2596373105058	0.61	37.25
25.7447274948967	0.9	60.57
20.2006594505464	0.76	43.27
19.5528419686578	0.76	41.77
17.0861861476163	0.61	34.81
15.568636235841	0.73	31.3
17.9208187539524	0.8	31.35
14.1739251972992	0.71	35.01
46.1135092748275	0.75	106.74
15.0	0.77	34.76
24.568636235841	0.86	52.68
19.1023729087096	0.59	35.84
17.397940008672	0.75	41.15
18.2757241303992	0.71	43.2
10.1366771398795	0.8	27.07
18.3187587626244	0.58	35.58
17.9586073148418	0.79	43.41
19.6197887582884	0.67	40.82
20.4559319556497	0.63	36.63
16.5528419686578	0.81	41.1
18.9586073148418	0.63	37.72
13.602059991328	0.82	29.64
8.34678748622466	0.6	56.22
4.82390874094432	0.78	32.62
22.8239087409443	0.85	54.68
18.8239087409443	0.77	49.86
7.50863830616573	0.67	18.13
14.0177287669604	0.72	33.02
14.9208187539524	0.85	24.67
11.568636235841	0.88	34.49
17.4948500216801	0.68	29.11
13.8239087409443	0.77	30.98
9.58502665202918	0.56	15.12
4.39794000867204	0.59	18.78
8.29242982390206	0.8	16.01
34.2146701649892	0.8	90.45
28.9208187539524	0.77	87.83
10.1549019599857	0.71	48.94
6.22184874961636	0.8	24.86
25.8860566476932	0.62	70.77
25.5228787452803	0.91	68.51
18.8538719643218	0.86	41.91
44.0705810742857	0.83	95.26
25.6777807052661	0.86	53.24
19.1079053973095	0.75	49.26
14.3372421683184	0.71	33.4
9.82390874094432	0.82	22.12
11.0705810742857	0.75	33.04
56.1739251972992	0.74	130.79
64.8860566476932	0.93	122.37
6.0	0.48	18.89
9.63827216398241	0.54	29.85
4.13667713987954	0.39	14.07
3.88605664769316	0.65	48.65
13.9208187539524	0.65	85.97
6.52287874528034	0.82	31.05
48.2365720064371	0.74	67.52
38.7958800173441	0.69	61.79
43.537602002101	0.75	67.51
44.5228787452803	0.9	79.49
6.53760200210104	0.59	37.86
11.1674910872938	0.76	64.32
10.1191864077192	0.68	62.93
10.0604807473814	0.85	70.74
8.74472749489669	0.65	27.45
8.79588001734407	0.66	26.3
5.79588001734407	0.46	27.2
7.2839966563652	0.62	28.06
1.27572413039921	0.27	7.51
9.39794000867204	0.83	28.06
13.0861861476163	0.67	26.13
13.267606240177	0.63	27.14
14.4559319556497	0.65	28.12
8.2839966563652	0.62	21.87
10.0	0.62	24.09
9.69897000433602	0.74	23.65
45.3767507096021	0.84	104.52
74.0506099933551	0.75	122.88
2.88605664769316	0.63	20.29
17.3098039199715	0.86	31.87
11.431798275933	0.76	27.38
13.8860566476932	0.84	30.07
19.0	0.87	32.13
16.8239087409443	0.9	31.51
11.0705810742857	0.68	24.44
16.3665315444204	0.88	32.71
13.7447274948967	0.71	18.39
9.58502665202918	0.75	27.67
8.38721614328026	0.68	23.14
14.6777807052661	0.81	28.45
15.3279021420643	0.82	31.27
16.5086383061657	0.71	30.49
12.0457574905607	0.79	25.99
13.8538719643218	0.59	21.83
8.95860731484177	0.85	27.9
11.4948500216801	0.64	26.2
5.24412514432751	0.77	17.67
6.0268721464003	0.66	39.01
8.3767507096021	0.77	64.74
11.3279021420643	0.64	54.76
2.38721614328026	0.62	19.94
9.31875876262441	0.8	13.62
11.4089353929735	0.74	58.6
8.20065945054642	0.81	21.0
9.19382002601611	0.79	52.45
15.602059991328	0.7	38.75
15.0268721464003	0.82	36.98
34.1739251972992	0.69	74.32
12.0409586076789	0.79	17.43
30.8860566476932	0.9	71.23
25.7695510786217	0.84	55.68
10.1079053973095	0.72	19.4
24.0506099933551	0.61	60.27
9.43179827593301	0.63	25.08
7.79588001734407	0.75	24.8
8.95860731484177	0.78	26.47
9.74472749489669	0.82	26.22
10.8239087409443	0.81	29.11
6.48148606012211	0.44	15.52
5.14266750356873	0.65	15.53
3.18045606445813	0.46	10.08
5.18045606445813	0.59	14.76
5.88605664769316	0.66	16.52
6.24412514432751	0.47	21.49
4.48148606012211	0.65	15.53
46.7212463990472	0.77	119.37
47.8239087409443	0.91	128.95
2.4089353929735	0.21	3.76
3.69897000433602	0.41	7.03
6.82390874094432	0.68	13.64
2.50863830616573	0.27	5.21
3.52287874528034	0.51	10.27
4.23657200643706	0.45	14.74
5.08618614761628	0.55	24.24
7.42021640338319	0.48	21.1
2.43179827593301	0.24	7.79
9.09151498112135	0.86	16.27
8.56863623584101	0.48	18.87
4.45593195564972	0.61	14.09
4.72124639904717	0.7	15.35
5.82390874094432	0.59	16.97
8.48148606012211	0.68	27.06
13.0315170514461	0.58	33.62
14.0705810742857	0.73	22.7
11.6382721639824	0.78	31.78
9.46852108295774	0.66	20.6
12.5228787452803	0.7	21.58
14.537602002101	0.69	23.32
2.30102999566398	0.25	5.01
8.48148606012211	0.69	39.34
5.35654732351381	0.56	25.97
9.67778070526608	0.69	23.54
6.38721614328026	0.79	26.08
8.38721614328026	0.67	24.04
9.17392519729917	0.85	25.64
10.6197887582884	0.81	31.74
10.568636235841	0.74	32.76
10.1426675035687	0.74	30.15
13.301029995664	0.69	36.02
11.1079053973095	0.79	29.31
10.7447274948967	0.81	29.83
18.5228787452803	0.74	87.91
22.7447274948967	0.78	102.45
3.06048074738138	0.62	17.34
13.0915149811213	0.64	59.15
10.7212463990472	0.71	54.44
6.88605664769316	0.65	35.23
8.16749108729376	0.79	23.02
17.9586073148418	0.72	25.96
13.568636235841	0.93	23.36
15.8538719643218	0.72	25.96
12.537602002101	0.89	23.05
0.244125144327509	0.06	1.66
13.8860566476932	0.7	23.65
11.0604807473814	0.7	23.72
42.9208187539524	0.66	103.28
10.1938200260161	0.63	21.38
13.8239087409443	0.7	23.89
9.79588001734407	0.69	23.31
3.0	0.51	16.82
34.0506099933551	0.82	110.87
43.6382721639824	0.87	100.19
3.15490195998574	0.52	18.57
49.3565473235138	0.95	123.97
12.267606240177	0.71	65.42
13.8538719643218	0.62	63.68
3.48148606012211	0.6	35.21
5.25963731050576	0.59	22.25
2.2839966563652	0.5	17.83
94.7695510786217	0.86	189.19
7.24412514432751	0.74	30.92
95.1739251972992	0.83	222.05
5.01772876696043	0.54	13.43
5.44369749923271	0.58	15.02
3.60205999132796	0.46	13.7
5.32790214206428	0.54	16.14
6.00436480540245	0.6	11.31
13.6197887582884	0.87	34.66
9.63827216398241	0.77	33.82
8.30980391997149	0.63	17.62
8.06048074738138	0.64	18.42
27.1366771398795	0.87	79.33
33.7695510786217	0.88	84.64
27.5850266520292	0.75	79.88
25.2291479883579	0.76	80.32
27.1674910872938	0.95	99.24
80.3372421683184	0.89	192.72
65.2924298239021	0.95	185.54
10.0087739243075	0.65	21.5
10.568636235841	0.68	23.12
11.7958800173441	0.69	23.54
3.74472749489669	0.53	13.66
6.0268721464003	0.72	23.05
8.29242982390206	0.77	21.54
8.29242982390206	0.74	21.52
7.18045606445813	0.62	22.17
14.2924298239021	0.82	41.23
15.9586073148418	0.88	47.27
7.76955107862173	0.72	53.22
12.6777807052661	0.84	64.66
9.95860731484177	0.82	50.19
9.46852108295774	0.84	59.83
17.8860566476932	0.84	32.82
18.4685210829577	0.67	27.61
15.9586073148418	0.87	27.73
29.537602002101	0.82	102.35
34.8860566476932	0.82	131.29
96.2218487496164	0.9	224.89
105.795880017344	0.86	255.65
21.4202164033832	0.74	86.79
35.1549019599857	0.7	138.75
6.24412514432751	0.83	46.5
11.1804560644581	0.84	56.01
6.48148606012211	0.57	17.52
7.72124639904717	0.46	28.2
6.10237290870956	0.59	21.11
6.26760624017703	0.54	19.07
7.92081875395237	0.65	22.24
7.65757731917779	0.73	24.23
2.04095860767891	0.17	2.67
2.0	0.4	7.65
5.50863830616573	0.72	20.9
7.55284196865778	0.71	42.02
4.0	0.53	29.9
9.16115090926274	0.83	65.88
37.2218487496164	0.89	89.9
37.2596373105058	0.69	107.28
20.9586073148418	0.65	31.94
19.9208187539524	0.64	36.76
21.8860566476932	0.77	37.82
24.4685210829577	0.77	40.88
14.0969100130081	0.63	18.77
13.0555173278498	0.86	18.0
9.08618614761628	0.79	15.87
9.65757731917779	0.78	16.28
7.60205999132796	0.77	16.17
9.11918640771921	0.66	26.38
9.06048074738138	0.83	31.62
11.9586073148418	0.69	27.72
7.0	0.61	23.88
1.55284196865778	0.53	16.93
2.17392519729917	0.43	8.16
13.5086383061657	0.69	20.57
12.9208187539524	0.67	20.92
8.95860731484177	0.76	20.48
2.49485002168009	0.43	9.0
11.4436974992327	0.58	103.11
11.2146701649892	0.83	37.42
10.0969100130081	0.64	32.85
7.60205999132796	0.64	28.98
20.0087739243075	0.69	140.93
8.36653154442041	0.65	10.97
8.46852108295774	0.64	11.54
7.82390874094432	0.63	11.42
8.92081875395237	0.66	11.82
5.55284196865778	0.57	10.19
12.6382721639824	0.64	37.62
8.43179827593301	0.8	31.97
21.1135092748275	0.68	43.12
21.0757207139381	0.89	50.64
9.82390874094432	0.65	35.66
12.3467874862247	0.66	51.12
18.568636235841	0.64	49.23
22.0268721464003	0.69	53.9
20.2076083105017	0.66	51.61
18.0809219076239	0.68	53.03
16.9208187539524	0.69	54.13
9.79588001734407	0.71	33.19
24.2006594505464	0.71	31.95
27.0	0.71	31.9
6.00436480540245	0.63	12.69
4.30102999566398	0.5	11.51
5.49485002168009	0.69	12.38
24.4685210829577	0.63	58.95
17.602059991328	0.86	31.97
53.1249387366083	0.9	138.0
49.7695510786217	0.88	146.88
16.0222763947112	0.73	52.8
12.2518119729938	0.88	34.51
7.82390874094432	0.74	42.1
10.698970004336	0.73	55.47
18.3467874862247	0.87	53.24
50.0362121726544	0.72	137.38
44.8239087409443	0.9	166.53
28.8239087409443	0.88	109.1
24.3565473235138	0.8	53.38
21.1023729087096	0.77	56.28
23.8860566476932	0.65	62.34
23.7958800173441	0.83	58.32
36.2596373105058	0.74	81.93
27.698970004336	0.89	71.81
13.5086383061657	0.68	50.82
15.9586073148418	0.87	47.62
20.3098039199715	0.78	156.81
32.9208187539524	0.84	234.37
11.7447274948967	0.73	34.82
7.06550154875643	0.77	29.4
16.4202164033832	0.86	16.29
14.7212463990472	0.81	17.09
53.0177287669604	0.94	105.39
53.9586073148418	0.93	112.08
105.397940008672	0.85	244.97
94.7695510786217	0.93	247.26
16.7958800173441	0.84	32.0
18.2757241303992	0.86	30.96
15.0705810742857	0.84	31.96
16.7447274948967	0.85	32.3
14.2757241303992	0.8	32.92
15.568636235841	0.67	28.15
14.5528419686578	0.88	30.72
14.9586073148418	0.67	13.37
11.8538719643218	0.64	12.78
14.7958800173441	0.72	14.38
14.7447274948967	0.71	14.11
15.0177287669604	0.71	14.12
13.4685210829577	0.7	14.03
18.7695510786217	0.73	14.54
16.3187587626244	0.71	14.15
16.4814860601221	0.72	14.47
16.1739251972992	0.91	16.29
7.45593195564972	0.59	10.55
12.7958800173441	0.84	41.31
12.1366771398795	0.56	55.92
14.7695510786217	0.88	54.66
19.1674910872938	0.84	74.19
8.10237290870956	0.85	37.41
15.0409586076789	0.79	56.01
5.1249387366083	0.63	20.07
9.95860731484177	0.67	24.89
9.76955107862173	0.82	24.71
11.0409586076789	0.84	24.37
13.602059991328	0.63	70.96
2.09151498112135	0.43	15.89
7.17392519729917	0.77	26.15
11.1487416512809	0.7	56.18
2.74472749489669	0.46	15.06
3.16115090926274	0.46	10.12
5.42021640338319	0.6	21.57
2.52287874528034	0.35	8.48
7.00436480540245	0.74	25.3
5.32790214206428	0.62	16.05
5.24412514432751	0.7	23.03
4.19382002601611	0.64	18.44
3.08092190762393	0.46	18.67
3.55284196865778	0.6	20.49
7.08092190762393	0.74	16.19
2.30102999566398	0.41	15.9
4.19382002601611	0.56	23.14
3.72124639904717	0.48	16.97
3.50863830616573	0.49	10.24
6.23657200643706	0.72	18.79
1.30102999566398	0.24	6.18
4.34678748622466	0.56	18.57
3.33724216831843	0.42	11.78
6.39794000867204	0.65	23.4
4.67778070526608	0.63	11.9
2.74472749489669	0.43	9.37
20.2006594505464	0.73	66.55
16.6197887582884	0.87	69.25
11.431798275933	0.82	22.05
7.79588001734407	0.72	22.98
9.85387196432176	0.61	26.8
9.56863623584101	0.83	20.71
8.3767507096021	0.63	17.01
9.67778070526608	0.72	10.84
41.6777807052661	0.79	68.9
15.8239087409443	0.68	48.08
39.3187587626244	0.95	76.76
13.0506099933551	0.91	51.7
2.58502665202918	0.44	10.58
2.92081875395238	0.53	8.48
30.9208187539524	0.79	60.99
27.7695510786217	0.95	61.99
23.1023729087096	0.68	52.56
25.7958800173441	0.96	62.67
30.7695510786217	0.79	61.04
25.7695510786217	0.96	62.23
22.3372421683184	0.66	50.46
26.0268721464003	0.95	63.81
10.3565473235138	0.67	14.06
10.6382721639824	0.67	16.1
11.4202164033832	0.67	16.14
10.698970004336	0.67	16.01
12.7212463990472	0.67	16.15
6.74472749489669	0.8	13.61
14.3872161432803	0.63	101.67
11.0809219076239	0.55	37.05
9.95860731484177	0.79	85.08
8.85387196432176	0.56	24.23
7.74472749489669	0.75	11.96
7.52287874528034	0.72	22.99
13.0555173278498	0.87	41.52
20.1549019599857	0.65	81.19
13.0	0.76	80.75
51.6777807052661	0.93	160.03
41.431798275933	0.93	164.58
31.0	0.69	101.21
18.698970004336	0.83	97.4
10.3187587626244	0.65	14.39
12.602059991328	0.68	16.22
8.04575749056067	0.59	14.23
10.3767507096021	0.67	15.97
11.2365720064371	0.67	16.04
10.2006594505464	0.67	16.08
11.9208187539524	0.67	16.09
10.130768280269	0.68	16.28
7.92081875395237	0.63	13.89
34.0087739243075	0.81	83.46
35.698970004336	0.81	92.9
